1 3 9232 4406 9229 
1 5 9229 9255 5559 4631 5159 
1 5 5170 2891 728 9268 9232 
1 3 2891 5324 3936 
1 3 9232 9203 3936 
1 2 9203 4149 
3 7 179 2380 1613 3317 9148 9182 5159 
2 8 3936 169 9061 9044 9019 4548 9004 8952 
3 5 179 8991 2701 2441 8952 
4 4 8991 5046 8943 5548 
1 2 5548 8974 
1 2 8974 8965 
1 2 5548 8934 
5 2 5548 6737 
3 6 8952 8944 8954 5820 2496 8943 
4 4 6737 5848 5540 657 
2 4 657 5969 8829 1463 
2 5 1463 6151 123 6790 3480 
2 5 3480 5351 8516 8422 5336 
1 2 5336 6221 
2 4 5336 3691 8368 3926 
1 2 8367 3691 
3 6 8368 3526 6707 8258 8247 8224 
2 3 8231 2075 3526 
3 2 8231 2146 
3 5 2146 8214 6548 8215 8235 
1 3 8214 8236 8255 
3 5 8235 5786 2293 6833 5120 
2 5 3197 3146 2312 3712 8235 
1 3 6548 8237 5776 
3 5 2075 8255 8259 5776 8235 
2 6 5776 3797 8306 3015 2274 3197 
2 4 3197 3100 8457 8485 
2 9 8485 3728 6779 8439 8409 5625 8335 5204 5776 
1 4 4391 8544 8509 6779 
2 4 8544 1715 8527 3728 
2 4 8485 4291 1664 1715 
2 2 5644 4180 
1 2 4180 230 
2 3 5869 1831 513 
1 2 1831 9031 
1 3 8944 8925 8895 
1 4 2175 989 3065 6449 
1 5 2175 8807 4661 4861 367 
1 6 5540 3485 3720 3779 4226 8802 
1 8 1470 8464 55 8575 1649 4652 4854 8802 
1 5 5120 984 3742 7988 7977 
1 5 5120 8118 649 8146 1444 
1 5 5692 6166 8084 8066 2079 
1 4 2079 5962 8113 8146 
1 2 5962 6166 
2 5 1664 5485 3754 5401 5644 
2 5 1715 915 8615 4724 5644 
1 5 6512 3636 6611 8040 2079 
1 6 6512 3393 7861 3726 6159 7656 
1 3 1481 3473 7826 
1 3 5242 7695 2143 
1 2 2143 4519 
1 5 4519 6511 6696 7940 414 
1 4 984 7986 7928 2280 
1 4 414 4613 3729 8118 
1 4 3729 7999 4723 7928 
1 4 7928 3896 4299 2143 
1 4 5120 2199 6801 5146 
1 4 2280 1863 7899 7906 
1 3 7900 1578 3190 
1 2 7906 1578 
3 7 5170 1948 2849 4675 9214 3832 2387 
1 7 2387 9245 2876 5823 148 4862 9401 
1 12 9401 6787 2379 4555 2196 6403 3263 182 4587 9476 2499 5042 
1 5 5869 129 809 5263 1483 
1 5 1483 318 8960 4532 8937 
1 6 1030 3939 3608 1893 9041 2956 
1 7 1030 9022 9052 2121 4258 5707 8937 
1 4 8895 6603 8865 2175 
1 6 8895 4236 2738 8948 8978 5869 
1 7 4180 1851 6667 4226 5222 2539 8895 
1 3 5170 2527 513 
1 2 9031 809 
1 5 572 3162 8054 8093 942 
1 10 942 4531 443 1035 3842 5661 5703 5881 3660 3190 
1 2 7900 3660 
1 2 1481 5881 
1 4 7977 2981 2074 3660 
1 3 6449 8741 6583 
