state = {
	id = 107
	name = "STATE_107"
	manpower = 0
	state_category = rural
	provinces = { 266 402 415 685 821 1199 1272 1334 1362 1388 1709 1913 1963 2099 2188 2221 2288 2383 2430 2589 2668 2698 2723 2993 2999 3074 3095 3105 3118 3207 3233 3311 3331 3347 3413 3416 3452 3502 3686 3743 3771 3836 3855 3876 3892 4143 4168 4185 4188 4229 4574 4576 4712 4773 4845 4918 4950 4987 4998 5279 5430 5647 5723 5854 5986 6015 6043 6073 6117 6118 6177 6195 6276 6519 6571 6577 6584 6590 6616 6652 6709 6741 6823 8852 8857 8882 8938 8946 8979 8985 8997 9005 9025 9028 9038 9043 9049 9063 9070 9092 9098 9105 9107 9111 9118 9133 9141 9150 9158 9161 9175 9181 9188 9193 9230 9238 9251 9264 9276 9300 9308 9313 9331 13056 }
	history = {
		owner = OKL
		add_core_of = OKL
	}
}
