state = {
	id = 49
	name = "STATE_49"
	manpower = 1752000
	state_category = rural
	provinces = { 306 341 390 478 832 1067 1314 1525 1635 1652 1861 2217 2302 2841 2933 2945 3203 3421 3475 3531 3950 3972 4120 4174 4204 4656 4833 4842 5104 5177 5341 5396 5489 5528 5658 5677 5918 5941 6193 6392 6410 6588 6682 8217 8245 8261 8270 8275 8276 8294 8336 8356 8359 8364 8376 8383 8402 8410 8421 8435 8451 8455 8468 8478 8479 8480 8504 8506 8508 8525 8526 8547 8554 8619 8638 }
	history = {
		owner = WVR
		add_core_of = WVR
	}
}
